1627240909120 0.44116431009443247 0
1627240911753 0.4552315709904521 0
1627240912672 0.44416340771044055 0
1627240913461 0.4639401247807336 0
1627240914355 0.5083022244989784 0
1627240915156 0.42948316283747 0
1627240915700 0.5429198414407702 0
1627240916370 0.5447268627398645 0
1627240916925 0.5668882414239875 0
1627240917470 0.5043745134983756 0
1627240918014 0.46083565169086077 0
1627240918582 0.5464160016873351 0
1627240919300 0.5507912916668884 0
1627240919860 0.574002089345116 0
1627240920422 0.5437309499303705 0
1627240920982 0.4699320360636456 0
1627240921528 0.5556070418838862 0
1627240922191 0.5710910223299182 0
1627240922739 0.5887301398629106 0
1627240923284 0.5660672197299218 0
1627240923831 0.49744883867515877 0
1627240924386 0.5738387017075629 0
1627240925095 0.5793194009551876 0
1627240925651 0.5937225970344812 0
1627240926220 0.5736119438815577 0
