1627240909120 0.5327267050719091 0
1627240911753 0.5470639943741209 0
1627240912672 0.5418967466398693 0
1627240913461 0.5491928589388987 0
1627240914355 0.5415007741650077 0
1627240915156 0.5624798573903235 0
1627240915700 0.5803244926662648 0
1627240916370 0.58331365406356 0
1627240916925 0.5916846869499623 0
1627240917470 0.564735778488267 0
1627240918014 0.5880559360270716 0
1627240918582 0.6060628892907374 0
1627240919300 0.5991784951639242 0
1627240919860 0.6161252200150866 0
1627240920422 0.59578281152601 0
1627240920982 0.6022111549772389 0
1627240921528 0.6368721117138838 0
1627240922191 0.6308679814093706 0
1627240922739 0.6539376414382699 0
1627240923284 0.6193043574430436 0
1627240923831 0.6205409297828626 0
1627240924386 0.6696302993771348 0
1627240925095 0.651980906921241 0
1627240925651 0.6703067638923812 0
1627240926220 0.648116868753896 0
