1627240909120 0.5548098434004475 0
1627240911753 0.5559284116331096 0
1627240912672 0.5525727069351231 0
1627240913461 0.5687150837988827 0
1627240914355 0.5519553072625698 0
1627240915156 0.5559284116331096 0
1627240915700 0.5738255033557047 0
1627240916370 0.5794183445190156 0
1627240916925 0.5932960893854748 0
1627240917470 0.5631284916201117 0
1627240918014 0.5659955257270693 0
1627240918582 0.5894854586129754 0
1627240919300 0.5838926174496645 0
1627240919860 0.6067039106145251 0
1627240920422 0.5787709497206703 0
1627240920982 0.5760626398210291 0
1627240921528 0.598434004474273 0
1627240922191 0.6051454138702461 0
1627240922739 0.6189944134078212 0
1627240923284 0.5932960893854748 0
1627240923831 0.5883668903803132 0
1627240924386 0.6152125279642058 0
1627240925095 0.6152125279642058 0
1627240925651 0.6256983240223464 0
1627240926220 0.6111731843575419 0
