1627240911687 0.5548098434004475 0
1627240912591 0.5559284116331096 0
1627240913411 0.5525727069351231 0
1627240914222 0.5687150837988827 0
1627240915114 0.5519553072625698 0
1627240915657 0.5559284116331096 0
1627240916326 0.5738255033557047 0
1627240916882 0.5794183445190156 0
1627240917429 0.5932960893854748 0
1627240917971 0.5631284916201117 0
1627240918529 0.5659955257270693 0
1627240919253 0.5894854586129754 0
1627240919820 0.5838926174496645 0
1627240920378 0.6067039106145251 0
1627240920941 0.5787709497206703 0
1627240921488 0.5760626398210291 0
1627240922150 0.598434004474273 0
1627240922700 0.6051454138702461 0
1627240923243 0.6189944134078212 0
1627240923792 0.5932960893854748 0
1627240924340 0.5883668903803132 0
1627240925052 0.6152125279642058 0
1627240925612 0.6152125279642058 0
1627240926181 0.6256983240223464 0
1627240926744 0.6111731843575419 0
