1627240909120 0.680040861841564 0
1627240911753 0.6815827809121415 0
1627240912672 0.683156501438765 0
1627240913461 0.6781930994963625 0
1627240914355 0.6830464095341466 0
1627240915156 0.6724150980863587 0
1627240915700 0.6675171616223976 0
1627240916370 0.6713666463698219 0
1627240916925 0.6664523127950015 0
1627240917470 0.6731746127274886 0
1627240918014 0.6598662204218255 0
1627240918582 0.6552148793853474 0
1627240919300 0.6550616034863045 0
1627240919860 0.6472419988358001 0
1627240920422 0.6549546915073152 0
1627240920982 0.6468533696451834 0
1627240921528 0.6378663100320731 0
1627240922191 0.6317747265873516 0
1627240922739 0.626663469517407 0
1627240923284 0.6346495902134599 0
1627240923831 0.6276313804422724 0
1627240924386 0.6195657248199056 0
1627240925095 0.6109983645539375 0
1627240925651 0.6055490099884366 0
1627240926220 0.6125789817901964 0
