1627240909120 0.5913487494301133 0
1627240911753 0.6053199750337364 0
1627240912672 0.6019180037365792 0
1627240913461 0.6268272423528728 0
1627240914355 0.5440919740621214 0
1627240915156 0.6313517515023489 0
1627240915700 0.578919457800321 0
1627240916370 0.5880838695623829 0
1627240916925 0.5956267071282055 0
1627240917470 0.5657341990915871 0
1627240918014 0.6256593573095601 0
1627240918582 0.6113056414676243 0
1627240919300 0.5934407846236048 0
1627240919860 0.6182753908604959 0
1627240920422 0.5806620714601503 0
1627240920982 0.6764879231119291 0
1627240921528 0.6259612708472473 0
1627240922191 0.6253438251514525 0
1627240922739 0.6336410007286859 0
1627240923284 0.5966770334157663 0
1627240923831 0.6782016180683696 0
1627240924386 0.6526147668455939 0
1627240925095 0.6432107707979078 0
1627240925651 0.6454289003295499 0
1627240926220 0.6306934309949362 0
