1627156476878 0.5913487494301133 0
1627156478083 0.6053199750337364 0
1627156478943 0.5846823928413294 0
1627156479908 0.5975349392435058 0
1627156480712 0.5440919740621214 0
1627156481592 0.6313517515023489 0
1627156482484 0.578919457800321 0
1627156483181 0.578595301724872 0
1627156483829 0.5946047870760399 0
1627156484367 0.5657341990915871 0
1627156484914 0.6336567666626547 0
1627156485426 0.6113056414676243 0
1627156486050 0.590159219591452 0
1627156486587 0.608365753909074 0
1627156487115 0.5806620714601503 0
1627156487708 0.6692822816424607 0
1627156488271 0.6259612708472473 0
1627156488959 0.671287887182798 0
1627156489476 0.6269902168598827 0
1627156490059 0.5966770334157663 0
1627156490654 0.6875928209482224 0
1627156491165 0.6404574637300932 0
1627156491851 0.6832469364586464 0
1627156492459 0.6396494641570694 0
1627156493048 0.6218903870677684 0
