1627156476878 0.680040861841564 0
1627156478083 0.6815827809121415 0
1627156478943 0.6844713854191085 0
1627156479908 0.6797732747748385 0
1627156480712 0.6830464095341466 0
1627156481592 0.6724150980863587 0
1627156482484 0.6675171616223976 0
1627156483181 0.6724396587489767 0
1627156483829 0.6686309104274543 0
1627156484367 0.6731746127274886 0
1627156484914 0.659035936138137 0
1627156485426 0.6552148793853474 0
1627156486050 0.6573883264113501 0
1627156486587 0.6502765859271302 0
1627156487115 0.6549546915073152 0
1627156487708 0.6453529778110992 0
1627156488271 0.6380838112675843 0
1627156488959 0.6352166317494933 0
1627156489476 0.6310352596612777 0
1627156490059 0.6346495902134599 0
1627156490654 0.6276970552288257 0
1627156491165 0.6141619783500198 0
1627156491851 0.6110759182286969 0
1627156492459 0.6090259520627251 0
1627156493048 0.6150737370516309 0
