1627156478023 0.5548098434004475 0
1627156478869 0.5559284116331096 0
1627156479834 0.5503355704697986 0
1627156480643 0.5653631284916201 0
1627156481531 0.5519553072625698 0
1627156482446 0.5559284116331096 0
1627156483133 0.5738255033557047 0
1627156483789 0.5749440715883669 0
1627156484323 0.5921787709497207 0
1627156484873 0.5631284916201117 0
1627156485387 0.5648769574944071 0
1627156486012 0.5894854586129754 0
1627156486546 0.5782997762863534 0
1627156487076 0.6022346368715084 0
1627156487662 0.5787709497206703 0
1627156488226 0.5749440715883669 0
1627156488916 0.598434004474273 0
1627156489433 0.5939597315436241 0
1627156490021 0.6167597765363129 0
1627156490616 0.5932960893854748 0
1627156491125 0.5861297539149888 0
1627156491779 0.6152125279642058 0
1627156492418 0.6185682326621924 0
1627156493007 0.6245810055865921 0
1627156493614 0.6089385474860335 0
