1627156476878 0.44116431009443247 0
1627156478083 0.4552315709904521 0
1627156478943 0.44692791300450846 0
1627156479908 0.4697690558239658 0
1627156480712 0.5083022244989784 0
1627156481592 0.42948316283747 0
1627156482484 0.5429198414407702 0
1627156483181 0.5464087320678521 0
1627156483829 0.5648968052841868 0
1627156484367 0.5043745134983756 0
1627156484914 0.4545200084639043 0
1627156485426 0.5464160016873351 0
1627156486050 0.5379418335126583 0
1627156486587 0.5742915950379974 0
1627156487115 0.5437309499303705 0
1627156487708 0.46922447393274025 0
1627156488271 0.5556070418838862 0
1627156488959 0.5191807759583309 0
1627156489476 0.5900971319583612 0
1627156490059 0.5660672197299218 0
1627156490654 0.48972933010165925 0
1627156491165 0.5820226684463804 0
1627156491851 0.5642902109642401 0
1627156492459 0.5961166484143596 0
1627156493048 0.5767015914692651 0
