1627156476878 0.5327267050719091 0
1627156478083 0.5470639943741209 0
1627156478943 0.5387890968471298 0
1627156479908 0.5456952476741262 0
1627156480712 0.5415007741650077 0
1627156481592 0.5624798573903235 0
1627156482484 0.5803244926662648 0
1627156483181 0.578130888079387 0
1627156483829 0.589640432486799 0
1627156484367 0.564735778488267 0
1627156484914 0.5860718889739354 0
1627156485426 0.6060628892907374 0
1627156486050 0.5906443914081146 0
1627156486587 0.612154890621071 0
1627156487115 0.59578281152601 0
1627156487708 0.6015212705958184 0
1627156488271 0.6366561181434599 0
1627156488959 0.6161537495289535 0
1627156489476 0.6502640181040985 0
1627156490059 0.6193043574430436 0
1627156490654 0.6203067719453732 0
1627156491165 0.6721971066907776 0
1627156491851 0.6483356362266046 0
1627156492459 0.6689162685441287 0
1627156493048 0.6465534576018983 0
