1627156476878 0.5548098434004475 0
1627156478083 0.5559284116331096 0
1627156478943 0.5503355704697986 0
1627156479908 0.5653631284916201 0
1627156480712 0.5519553072625698 0
1627156481592 0.5559284116331096 0
1627156482484 0.5738255033557047 0
1627156483181 0.5749440715883669 0
1627156483829 0.5921787709497207 0
1627156484367 0.5631284916201117 0
1627156484914 0.5648769574944071 0
1627156485426 0.5894854586129754 0
1627156486050 0.5782997762863534 0
1627156486587 0.6022346368715084 0
1627156487115 0.5787709497206703 0
1627156487708 0.5749440715883669 0
1627156488271 0.598434004474273 0
1627156488959 0.5939597315436241 0
1627156489476 0.6167597765363129 0
1627156490059 0.5932960893854748 0
1627156490654 0.5861297539149888 0
1627156491165 0.6152125279642058 0
1627156491851 0.6185682326621924 0
1627156492459 0.6245810055865921 0
1627156493048 0.6089385474860335 0
