1627156143389 0.5011917513237157 0
1627156145840 0.4986056395998354 0
1627156146819 0.4883347487944616 0
1627156147653 0.5195887497761008 0
1627156148530 0.39285219123738063 0
1627156149531 0.5011917513237157 0
1627156150096 0.49942704751265243 0
1627156150788 0.4883347487944616 0
1627156151352 0.520459174545182 0
1627156151945 0.39285219123738063 0
1627156152500 0.5011917513237157 0
1627156153041 0.49942704751265243 0
1627156153745 0.4866539751010896 0
1627156154284 0.520459174545182 0
1627156154877 0.39285219123738063 0
1627156155463 0.49614108812029367 0
1627156156041 0.4985306351507219 0
1627156156691 0.4683475210302366 0
1627156157288 0.5137023009184737 0
1627156157883 0.38796699463130097 0
1627156158444 0.497047657566819 0
1627156159020 0.48621961164598654 0
1627156159744 0.4564315509186607 0
1627156160375 0.5023430392979541 0
1627156160932 0.3821109945428251 0
