1627156143389 0.5453144419587372 0
1627156145840 0.5667203579418345 0
1627156146819 0.5386544161283133 0
1627156147653 0.5525389788567489 0
1627156148530 0.599730128504231 0
1627156149531 0.5453144419587372 0
1627156150096 0.5689530712542535 0
1627156150788 0.5386544161283133 0
1627156151352 0.5541606734638196 0
1627156151945 0.599730128504231 0
1627156152500 0.5453144419587372 0
1627156153041 0.5689530712542535 0
1627156153745 0.5368634882349599 0
1627156154284 0.5541606734638196 0
1627156154877 0.599730128504231 0
1627156155463 0.546034213725946 0
1627156156041 0.5694615037873163 0
1627156156691 0.5217423465556636 0
1627156157288 0.5515416303125801 0
1627156157883 0.5553338653897313 0
1627156158444 0.5419346835315284 0
1627156159020 0.5594328663330825 0
1627156159744 0.5263513146719194 0
1627156160375 0.5383327706007794 0
1627156160932 0.7519903015759939 0
