1627156145755 0.5514541387024608 0
1627156146745 0.5570469798657718 0
1627156147543 0.5425055928411633 0
1627156148434 0.5586592178770949 0
1627156149373 0.5441340782122905 0
1627156150033 0.5514541387024608 0
1627156150731 0.558165548098434 0
1627156151288 0.5425055928411633 0
1627156151887 0.5597765363128492 0
1627156152429 0.5441340782122905 0
1627156152995 0.5514541387024608 0
1627156153702 0.558165548098434 0
1627156154239 0.5413870246085011 0
1627156154826 0.5597765363128492 0
1627156155361 0.5441340782122905 0
1627156155995 0.5514541387024608 0
1627156156628 0.558165548098434 0
1627156157234 0.5324384787472036 0
1627156157832 0.5575418994413408 0
1627156158390 0.5418994413407822 0
1627156158963 0.5492170022371364 0
1627156159690 0.5514541387024608 0
1627156160320 0.5346756152125279 0
1627156160882 0.5486033519553073 0
1627156161554 0.5418994413407822 0
