1627156143389 0.5514541387024608 0
1627156145840 0.5570469798657718 0
1627156146819 0.5425055928411633 0
1627156147653 0.5586592178770949 0
1627156148530 0.5441340782122905 0
1627156149531 0.5514541387024608 0
1627156150096 0.558165548098434 0
1627156150788 0.5425055928411633 0
1627156151352 0.5597765363128492 0
1627156151945 0.5441340782122905 0
1627156152500 0.5514541387024608 0
1627156153041 0.558165548098434 0
1627156153745 0.5413870246085011 0
1627156154284 0.5597765363128492 0
1627156154877 0.5441340782122905 0
1627156155463 0.5514541387024608 0
1627156156041 0.558165548098434 0
1627156156691 0.5324384787472036 0
1627156157288 0.5575418994413408 0
1627156157883 0.5418994413407822 0
1627156158444 0.5492170022371364 0
1627156159020 0.5514541387024608 0
1627156159744 0.5346756152125279 0
1627156160375 0.5486033519553073 0
1627156160932 0.5418994413407822 0
