1627156143389 0.6868134287782877 0
1627156145840 0.6890016274090202 0
1627156146819 0.6892400925940475 0
1627156147653 0.6841952247170668 0
1627156148530 0.6889193005898694 0
1627156149531 0.6868134561480093 0
1627156150096 0.6890016486627762 0
1627156150788 0.6892401001761932 0
1627156151352 0.6841952683361687 0
1627156151945 0.6889193209859531 0
1627156152500 0.6868134590887531 0
1627156153041 0.689001649202252 0
1627156153745 0.6892402161732574 0
1627156154284 0.6841952702823131 0
1627156154877 0.688919324461547 0
1627156155463 0.6868319176422046 0
1627156156041 0.689006023058006 0
1627156156691 0.6892828484627707 0
1627156157288 0.6842379147121681 0
1627156157883 0.6889349145580825 0
1627156158444 0.686906611806309 0
1627156159020 0.6890245422108805 0
1627156159744 0.6894615113502423 0
1627156160375 0.6844009318458707 0
1627156160932 0.6889895371511495 0
