1627156143389 0.5410380493896789 0
1627156145840 0.5412497488446856 0
1627156146819 0.530792613993217 0
1627156147653 0.5555116922303245 0
1627156148530 0.5252609036617 0
1627156149531 0.540997764170326 0
1627156150096 0.5412698412698413 0
1627156150788 0.5307473935435246 0
1627156151352 0.5555167211465929 0
1627156151945 0.5252106332066517 0
1627156152500 0.5410078354751642 0
1627156153041 0.5412748643761301 0
1627156153745 0.5307524180379349 0
1627156154284 0.5555066633140557 0
1627156154877 0.5252106332066517 0
1627156155463 0.5413653667969222 0
1627156156041 0.5398081173397629 0
1627156156691 0.5301143072478333 0
1627156157288 0.5554563741513704 0
1627156157883 0.524903983430858 0
1627156158444 0.5424228538049389 0
1627156159020 0.5379244524814145 0
1627156159744 0.5277025499309133 0
1627156160375 0.5553205934121197 0
1627156160932 0.5235265729625386 0
