1627152705700 0.8649159931951715 0
1627152734068 0.8607627411244824 0
1627152735819 0.8690792410590513 0
1627152737090 0.8620396001978458 0
1627152738509 0.8585539121315955 0
1627152739943 0.8649159931951715 0
1627152741004 0.8607627411244824 0
1627152742154 0.8690792410590513 0
1627152743054 0.8620396001978458 0
1627152743990 0.8585539121315955 0
1627152744938 0.8649159931951715 0
1627152745841 0.8607627411244824 0
1627152746820 0.8690792410590513 0
1627152747730 0.8620396001978458 0
1627152748606 0.8585539121315955 0
1627152749728 0.8649159931951715 0
1627152750781 0.8607627411244824 0
1627152751943 0.8690792410590513 0
1627152752958 0.8620396001978458 0
1627152753951 0.8585539121315955 0
1627152754850 0.8649159931951715 0
1627152755797 0.8607627411244824 0
1627152756892 0.8690792410590513 0
1627152757875 0.8620396001978458 0
1627152758801 0.8585539121315955 0
