1627152705700 0.2528853755946227 0
1627152734068 0.25874581160459403 0
1627152735819 0.2467029323380702 0
1627152737090 0.25625459882468815 0
1627152738509 0.2615224245387525 0
1627152739943 0.25288538802339305 0
1627152741004 0.25874582827253156 0
1627152742154 0.24670295492850283 0
1627152743054 0.25625461868432964 0
1627152743990 0.26152243987385954 0
1627152744938 0.2528855436512684 0
1627152745841 0.25874584010525886 0
1627152746820 0.24670297508740274 0
1627152747730 0.2562547026116819 0
1627152748606 0.2615225811452008 0
1627152749728 0.25305594456406005 0
1627152750781 0.25888243336789357 0
1627152751943 0.24690930982125722 0
1627152752958 0.2566685923994424 0
1627152753951 0.26175440647581383 0
1627152754850 0.2532928411610134 0
1627152755797 0.2590918703044391 0
1627152756892 0.24716044199524098 0
1627152757875 0.25703045663532714 0
1627152758801 0.26199913326727925 0
