1627152705700 0.5443691573499266 0
1627152734068 0.5480687585506863 0
1627152735819 0.5573090922030044 0
1627152737090 0.5580727645432915 0
1627152738509 0.5520513423345239 0
1627152739943 0.5444904627596935 0
1627152741004 0.5481111258219692 0
1627152742154 0.5573699572165774 0
1627152743054 0.5580304668243408 0
1627152743990 0.5521169630390296 0
1627152744938 0.5445581575389269 0
1627152745841 0.5478507436338762 0
1627152746820 0.5574369087315076 0
1627152747730 0.5581190694145639 0
1627152748606 0.5522447278544246 0
1627152749728 0.5398063474986552 0
1627152750781 0.5403561498742222 0
1627152751943 0.5485370391699136 0
1627152752958 0.5507334424466069 0
1627152753951 0.545149869432181 0
1627152754850 0.5302968211622058 0
1627152755797 0.5315477293790547 0
1627152756892 0.5411119757064322 0
1627152757875 0.5366509734708707 0
1627152758801 0.5328601109989427 0
