1627152705700 0.9300085984522786 0
1627152734068 0.9277730008598453 0
1627152735819 0.932244196044712 0
1627152737090 0.9284608770421324 0
1627152738509 0.9265818431911967 0
1627152739943 0.9300085984522786 0
1627152741004 0.9277730008598453 0
1627152742154 0.932244196044712 0
1627152743054 0.9284608770421324 0
1627152743990 0.9265818431911967 0
1627152744938 0.9300085984522786 0
1627152745841 0.9277730008598453 0
1627152746820 0.932244196044712 0
1627152747730 0.9284608770421324 0
1627152748606 0.9265818431911967 0
1627152749728 0.9300085984522786 0
1627152750781 0.9277730008598453 0
1627152751943 0.932244196044712 0
1627152752958 0.9284608770421324 0
1627152753951 0.9265818431911967 0
1627152754850 0.9300085984522786 0
1627152755797 0.9277730008598453 0
1627152756892 0.932244196044712 0
1627152757875 0.9284608770421324 0
1627152758801 0.9265818431911967 0
