1627152733590 0.9300085984522786 0
1627152734990 0.9277730008598453 0
1627152736663 0.932244196044712 0
1627152737934 0.9284608770421324 0
1627152739306 0.9265818431911967 0
1627152740705 0.9300085984522786 0
1627152741849 0.9277730008598453 0
1627152742885 0.932244196044712 0
1627152743745 0.9284608770421324 0
1627152744791 0.9265818431911967 0
1627152745676 0.9300085984522786 0
1627152746654 0.9277730008598453 0
1627152747535 0.932244196044712 0
1627152748445 0.9284608770421324 0
1627152749325 0.9265818431911967 0
1627152750567 0.9300085984522786 0
1627152751681 0.9277730008598453 0
1627152752751 0.932244196044712 0
1627152753727 0.9284608770421324 0
1627152754666 0.9265818431911967 0
1627152755580 0.9300085984522786 0
1627152756655 0.9277730008598453 0
1627152757662 0.932244196044712 0
1627152758590 0.9284608770421324 0
1627152759530 0.9265818431911967 0
