1627152705700 0.8962820102343263 0
1627152734068 0.8930125494449358 0
1627152735819 0.899554251825985 0
1627152737090 0.8940182406189535 0
1627152738509 0.8912716738879713 0
1627152739943 0.8962820102343263 0
1627152741004 0.8930125494449358 0
1627152742154 0.899554251825985 0
1627152743054 0.8940182406189535 0
1627152743990 0.8912716738879713 0
1627152744938 0.8962820102343263 0
1627152745841 0.8930125494449358 0
1627152746820 0.899554251825985 0
1627152747730 0.8940182406189535 0
1627152748606 0.8912716738879713 0
1627152749728 0.8962820102343263 0
1627152750781 0.8930125494449358 0
1627152751943 0.899554251825985 0
1627152752958 0.8940182406189535 0
1627152753951 0.8912716738879713 0
1627152754850 0.8962820102343263 0
1627152755797 0.8930125494449358 0
1627152756892 0.899554251825985 0
1627152757875 0.8940182406189535 0
1627152758801 0.8912716738879713 0
