1627153082030 0.2507135783990987 0
1627153107547 0.2559423038309262 0
1627153108291 0.24490850445228377 0
1627153109198 0.25353847405712787 0
1627153110006 0.25926522470122426 0
1627153110807 0.24983726217074337 0
1627153111463 0.2551825313990745 0
1627153112272 0.24326456272260724 0
1627153112913 0.2526767248031996 0
1627153113532 0.2585475167555943 0
1627153114164 0.24830916173686846 0
1627153114748 0.25356841212193854 0
1627153115463 0.2412207148903556 0
1627153116062 0.2516064852183046 0
1627153116672 0.2574379672657237 0
1627153117330 0.24677012788212305 0
1627153117961 0.25213988357078176 0
1627153119070 0.238219286688143 0
1627153119870 0.24968578015608828 0
1627153120465 0.25585294856888496 0
1627153121058 0.2443256858797453 0
1627153121676 0.24979913555941824 0
1627153122421 0.23498082579529972 0
1627153123019 0.24640896569841947 0
1627153123607 0.2534930402942779 0
