1627153082030 0.9301805674978504 0
1627153107547 0.927944969905417 0
1627153108291 0.932244196044712 0
1627153109198 0.9288048151332761 0
1627153110006 0.9267537826685007 0
1627153110807 0.9301805674978504 0
1627153111463 0.927944969905417 0
1627153112272 0.9324161650902838 0
1627153112913 0.9288048151332761 0
1627153113532 0.9267537826685007 0
1627153114164 0.9301805674978504 0
1627153114748 0.9281169389509888 0
1627153115463 0.9324161650902838 0
1627153116062 0.9288048151332761 0
1627153116672 0.9267537826685007 0
1627153117330 0.9303525365434222 0
1627153117961 0.9282889079965606 0
1627153119070 0.9329320722269991 0
1627153119870 0.9288048151332761 0
1627153120465 0.9269257221458047 0
1627153121058 0.9306964746345657 0
1627153121676 0.9282889079965606 0
1627153122421 0.9332760103181428 0
1627153123019 0.9291487532244196 0
1627153123607 0.9270976616231087 0
