1627153082030 0.5244982408443947 0
1627153107547 0.526218500375127 0
1627153108291 0.5506773807818252 0
1627153109198 0.5284846196589112 0
1627153110006 0.5238374814165208 0
1627153110807 0.5301050950089411 0
1627153111463 0.5535608367536079 0
1627153112272 0.5550067560165066 0
1627153112913 0.555346787866699 0
1627153113532 0.5281126051289318 0
1627153114164 0.5478772461945539 0
1627153114748 0.5734882386689615 0
1627153115463 0.5810771140994272 0
1627153116062 0.5738756375824582 0
1627153116672 0.556836221585909 0
1627153117330 0.5713407564369103 0
1627153117961 0.5810026920870294 0
1627153119070 0.6040918144047822 0
1627153119870 0.5964561635345577 0
1627153120465 0.5740092903272909 0
1627153121058 0.5880363789017635 0
1627153121676 0.600672139105874 0
1627153122421 0.6184702374765553 0
1627153123019 0.6289708653311867 0
1627153123607 0.5944807772620347 0
