1627153082030 0.9350561591036076 0
1627153107547 0.9331377902717105 0
1627153108291 0.8690792410590513 0
1627153109198 0.9338753134189846 0
1627153110006 0.9321197136372399 0
1627153110807 0.9350561591036076 0
1627153111463 0.9331377902717105 0
1627153112272 0.9369845254479581 0
1627153112913 0.9338753134189846 0
1627153113532 0.9321197136372399 0
1627153114164 0.9350561591036076 0
1627153114748 0.9332858912163401 0
1627153115463 0.9369845254479581 0
1627153116062 0.9338753134189846 0
1627153116672 0.9321197136372399 0
1627153117330 0.917844866223856 0
1627153117961 0.9334340431248184 0
1627153119070 0.9374332754332407 0
1627153119870 0.9338753134189846 0
1627153120465 0.9322674091234505 0
1627153121058 0.9355027593914527 0
1627153121676 0.9334340431248184 0
1627153122421 0.9377326995928132 0
1627153123019 0.913122156530343 0
1627153123607 0.9178677161395513 0
