1627153107478 0.9301805674978504 0
1627153108206 0.927944969905417 0
1627153109095 0.932244196044712 0
1627153109910 0.9288048151332761 0
1627153110755 0.9267537826685007 0
1627153111403 0.9301805674978504 0
1627153112218 0.927944969905417 0
1627153112864 0.9324161650902838 0
1627153113474 0.9288048151332761 0
1627153114116 0.9267537826685007 0
1627153114703 0.9301805674978504 0
1627153115416 0.9281169389509888 0
1627153116013 0.9324161650902838 0
1627153116623 0.9288048151332761 0
1627153117274 0.9267537826685007 0
1627153117902 0.9303525365434222 0
1627153118778 0.9282889079965606 0
1627153119648 0.9329320722269991 0
1627153120418 0.9288048151332761 0
1627153121006 0.9269257221458047 0
1627153121618 0.9306964746345657 0
1627153122363 0.9282889079965606 0
1627153122966 0.9332760103181428 0
1627153123553 0.9291487532244196 0
1627153124145 0.9270976616231087 0
