1627153082030 0.8967049736352862 0
1627153107547 0.893435339824409 0
1627153108291 0.899554251825985 0
1627153109198 0.8948623007757004 0
1627153110006 0.8916942988045973 0
1627153110807 0.8967049736352862 0
1627153111463 0.893435339824409 0
1627153112272 0.8999773863219028 0
1627153112913 0.8948623007757004 0
1627153113532 0.8916942988045973 0
1627153114164 0.8967049736352862 0
1627153114748 0.8938565182538567 0
1627153115463 0.8999773863219028 0
1627153116062 0.8948623007757004 0
1627153116672 0.8916942988045973 0
1627153117330 0.8974575494190647 0
1627153117961 0.8942760962701802 0
1627153119070 0.9012365316119144 0
1627153119870 0.8948623007757004 0
1627153120465 0.8921153385030962 0
1627153121058 0.8979639318910692 0
1627153121676 0.8942760962701802 0
1627153122421 0.9020675426419681 0
1627153123019 0.8966700250198123 0
1627153123607 0.8928636974811323 0
