1627238844097 0.680040861841564 0
1627238850059 0.6815827809121415 0
1627238850856 0.683156501438765 0
1627238851674 0.6781930994963625 0
1627238852525 0.6830464095341466 0
1627238853390 0.6724150980863587 0
1627238854002 0.6675171616223976 0
1627238854686 0.671466371981424 0
1627238855253 0.6655991410856088 0
1627238855830 0.6731746127274886 0
1627238856409 0.6583176830715577 0
1627238856992 0.6552148793853474 0
1627238857701 0.6540254153268662 0
1627238858339 0.6474807148250477 0
1627238858904 0.6549546915073152 0
1627238859459 0.6443121271832959 0
1627238860049 0.6378663100320731 0
1627238860812 0.6286094854688885 0
1627238861563 0.6274894213424305 0
1627238862237 0.6346495902134599 0
1627238862885 0.6233008293458313 0
1627238863459 0.6148864753097426 0
1627238864193 0.6057965348229084 0
1627238864833 0.6062588466113973 0
1627238865398 0.6139208167856889 0
