1627238844097 0.5548098434004475 0
1627238850059 0.5559284116331096 0
1627238850856 0.5525727069351231 0
1627238851674 0.5687150837988827 0
1627238852525 0.5519553072625698 0
1627238853390 0.5559284116331096 0
1627238854002 0.5738255033557047 0
1627238854686 0.5794183445190156 0
1627238855253 0.5932960893854748 0
1627238855830 0.5631284916201117 0
1627238856409 0.5659955257270693 0
1627238856992 0.5894854586129754 0
1627238857701 0.5850111856823266 0
1627238858339 0.6044692737430167 0
1627238858904 0.5787709497206703 0
1627238859459 0.5760626398210291 0
1627238860049 0.598434004474273 0
1627238860812 0.5995525727069351 0
1627238861563 0.6189944134078212 0
1627238862237 0.5932960893854748 0
1627238862885 0.5883668903803132 0
1627238863459 0.6152125279642058 0
1627238864193 0.6196868008948546 0
1627238864833 0.6245810055865921 0
1627238865398 0.6122905027932961 0
