1627238850008 0.5548098434004475 0
1627238850772 0.5559284116331096 0
1627238851603 0.5525727069351231 0
1627238852409 0.5687150837988827 0
1627238853334 0.5519553072625698 0
1627238853928 0.5559284116331096 0
1627238854640 0.5738255033557047 0
1627238855211 0.5794183445190156 0
1627238855786 0.5932960893854748 0
1627238856363 0.5631284916201117 0
1627238856948 0.5659955257270693 0
1627238857648 0.5894854586129754 0
1627238858293 0.5850111856823266 0
1627238858864 0.6044692737430167 0
1627238859417 0.5787709497206703 0
1627238859992 0.5760626398210291 0
1627238860767 0.598434004474273 0
1627238861486 0.5995525727069351 0
1627238862195 0.6189944134078212 0
1627238862835 0.5932960893854748 0
1627238863418 0.5883668903803132 0
1627238864122 0.6152125279642058 0
1627238864790 0.6196868008948546 0
1627238865360 0.6245810055865921 0
1627238865979 0.6122905027932961 0
