1627238844097 0.5327267050719091 0
1627238850059 0.5470639943741209 0
1627238850856 0.5418967466398693 0
1627238851674 0.5491928589388987 0
1627238852525 0.5415007741650077 0
1627238853390 0.5624798573903235 0
1627238854002 0.5803244926662648 0
1627238854686 0.5838261524934053 0
1627238855253 0.5915413628363089 0
1627238855830 0.564735778488267 0
1627238856409 0.5879275268903839 0
1627238856992 0.6060628892907374 0
1627238857701 0.6011556337143575 0
1627238858339 0.6145059089766154 0
1627238858904 0.59578281152601 0
1627238859459 0.6037017080933006 0
1627238860049 0.6368721117138838 0
1627238860812 0.6255872377841979 0
1627238861563 0.6530475232587377 0
1627238862237 0.6172935392411173 0
1627238862885 0.6246777182451758 0
1627238863459 0.6720012055455094 0
1627238864193 0.6511141816354729 0
1627238864833 0.6696605481518733 0
1627238865398 0.6494917656994632 0
