1627238844097 0.44116431009443247 0
1627238850059 0.4552315709904521 0
1627238850856 0.44416340771044055 0
1627238851674 0.4639401247807336 0
1627238852525 0.5083022244989784 0
1627238853390 0.42948316283747 0
1627238854002 0.5429198414407702 0
1627238854686 0.5459610905020162 0
1627238855253 0.5668882414239875 0
1627238855830 0.5043745134983756 0
1627238856409 0.45945029367848167 0
1627238856992 0.5464160016873351 0
1627238857701 0.5522990768686246 0
1627238858339 0.5697632116700337 0
1627238858904 0.5437309499303705 0
1627238859459 0.4685426303542924 0
1627238860049 0.5556070418838862 0
1627238860812 0.5263123172545568 0
1627238861563 0.5909137365932327 0
1627238862237 0.5591573699087736 0
1627238862885 0.49622790898284924 0
1627238863459 0.5808372566028649 0
1627238864193 0.5651642722979422 0
1627238864833 0.5927966841642575 0
1627238865398 0.5776515004903287 0
