1627238844097 0.5913487494301133 0
1627238850059 0.6053199750337364 0
1627238850856 0.6019180037365792 0
1627238851674 0.6268272423528728 0
1627238852525 0.5440919740621214 0
1627238853390 0.6313517515023489 0
1627238854002 0.578919457800321 0
1627238854686 0.5873260030269328 0
1627238855253 0.5956267071282055 0
1627238855830 0.5657341990915871 0
1627238856409 0.628992312274656 0
1627238856992 0.6113056414676243 0
1627238857701 0.5947614057844298 0
1627238858339 0.61675157702899 0
1627238858904 0.5806620714601503 0
1627238859459 0.6820359549712869 0
1627238860049 0.6259612708472473 0
1627238860812 0.6834884661907582 0
1627238861563 0.6314087114472414 0
1627238862237 0.6008483953189178 0
1627238862885 0.6821341692342539 0
1627238863459 0.6420737012179966 0
1627238864193 0.6863220499988384 0
1627238864833 0.6435264696207443 0
1627238865398 0.6292298767453134 0
