1627155275082 0.5548098434004475 0
1627155275927 0.5559284116331096 0
1627155276635 0.5503355704697986 0
1627155277366 0.5653631284916201 0
1627155278198 0.5519553072625698 0
1627155278959 0.5559284116331096 0
1627155279573 0.5738255033557047 0
1627155280146 0.5749440715883669 0
1627155280688 0.5921787709497207 0
1627155281246 0.5631284916201117 0
1627155281867 0.5648769574944071 0
1627155282581 0.5894854586129754 0
1627155283144 0.5782997762863534 0
1627155283837 0.6022346368715084 0
1627155284659 0.5787709497206703 0
1627155285389 0.5749440715883669 0
1627155286087 0.598434004474273 0
1627155286678 0.5939597315436241 0
1627155287281 0.6167597765363129 0
1627155287840 0.5932960893854748 0
1627155288378 0.5861297539149888 0
1627155289062 0.6152125279642058 0
1627155289592 0.6185682326621924 0
1627155290167 0.6245810055865921 0
1627155290714 0.6089385474860335 0
