1627155274017 0.5327267050719091 0
1627155275163 0.5470639943741209 0
1627155275980 0.5387890968471298 0
1627155276702 0.5456952476741262 0
1627155277467 0.5415007741650077 0
1627155278260 0.5624798573903235 0
1627155278997 0.5803244926662648 0
1627155279610 0.578130888079387 0
1627155280184 0.589640432486799 0
1627155280730 0.564735778488267 0
1627155281283 0.5860718889739354 0
1627155281906 0.6060628892907374 0
1627155282621 0.5906443914081146 0
1627155283184 0.612154890621071 0
1627155283910 0.59578281152601 0
1627155284725 0.6015212705958184 0
1627155285433 0.6366561181434599 0
1627155286126 0.6161537495289535 0
1627155286719 0.6502640181040985 0
1627155287318 0.6193043574430436 0
1627155287880 0.6203067719453732 0
1627155288423 0.6721971066907776 0
1627155289105 0.6483356362266046 0
1627155289631 0.6689162685441287 0
1627155290209 0.6465534576018983 0
