1627155274017 0.680040861841564 0
1627155275163 0.6815827809121415 0
1627155275980 0.6844713854191085 0
1627155276702 0.6797732747748385 0
1627155277467 0.6830464095341466 0
1627155278260 0.6724150980863587 0
1627155278997 0.6675171616223976 0
1627155279610 0.6724396587489767 0
1627155280184 0.6686309104274543 0
1627155280730 0.6731746127274886 0
1627155281283 0.659035936138137 0
1627155281906 0.6552148793853474 0
1627155282621 0.6573883264113501 0
1627155283184 0.6502765859271302 0
1627155283910 0.6549546915073152 0
1627155284725 0.6453529778110992 0
1627155285433 0.6380838112675843 0
1627155286126 0.6352166317494933 0
1627155286719 0.6310352596612777 0
1627155287318 0.6346495902134599 0
1627155287880 0.6276970552288257 0
1627155288423 0.6141619783500198 0
1627155289105 0.6110759182286969 0
1627155289631 0.6090259520627251 0
1627155290209 0.6150737370516309 0
