1627155274017 0.5548098434004475 0
1627155275163 0.5559284116331096 0
1627155275980 0.5503355704697986 0
1627155276702 0.5653631284916201 0
1627155277467 0.5519553072625698 0
1627155278260 0.5559284116331096 0
1627155278997 0.5738255033557047 0
1627155279610 0.5749440715883669 0
1627155280184 0.5921787709497207 0
1627155280730 0.5631284916201117 0
1627155281283 0.5648769574944071 0
1627155281906 0.5894854586129754 0
1627155282621 0.5782997762863534 0
1627155283184 0.6022346368715084 0
1627155283910 0.5787709497206703 0
1627155284725 0.5749440715883669 0
1627155285433 0.598434004474273 0
1627155286126 0.5939597315436241 0
1627155286719 0.6167597765363129 0
1627155287318 0.5932960893854748 0
1627155287880 0.5861297539149888 0
1627155288423 0.6152125279642058 0
1627155289105 0.6185682326621924 0
1627155289631 0.6245810055865921 0
1627155290209 0.6089385474860335 0
