1627155274017 0.5913487494301133 0
1627155275163 0.6053199750337364 0
1627155275980 0.5846823928413294 0
1627155276702 0.5975349392435058 0
1627155277467 0.5440919740621214 0
1627155278260 0.6313517515023489 0
1627155278997 0.578919457800321 0
1627155279610 0.578595301724872 0
1627155280184 0.5946047870760399 0
1627155280730 0.5657341990915871 0
1627155281283 0.6336567666626547 0
1627155281906 0.6113056414676243 0
1627155282621 0.590159219591452 0
1627155283184 0.608365753909074 0
1627155283910 0.5806620714601503 0
1627155284725 0.6692822816424607 0
1627155285433 0.6259612708472473 0
1627155286126 0.671287887182798 0
1627155286719 0.6269902168598827 0
1627155287318 0.5966770334157663 0
1627155287880 0.6875928209482224 0
1627155288423 0.6404574637300932 0
1627155289105 0.6832469364586464 0
1627155289631 0.6396494641570694 0
1627155290209 0.6218903870677684 0
