1627155274017 0.44116431009443247 0
1627155275163 0.4552315709904521 0
1627155275980 0.44692791300450846 0
1627155276702 0.4697690558239658 0
1627155277467 0.5083022244989784 0
1627155278260 0.42948316283747 0
1627155278997 0.5429198414407702 0
1627155279610 0.5464087320678521 0
1627155280184 0.5648968052841868 0
1627155280730 0.5043745134983756 0
1627155281283 0.4545200084639043 0
1627155281906 0.5464160016873351 0
1627155282621 0.5379418335126583 0
1627155283184 0.5742915950379974 0
1627155283910 0.5437309499303705 0
1627155284725 0.46922447393274025 0
1627155285433 0.5556070418838862 0
1627155286126 0.5191807759583309 0
1627155286719 0.5900971319583612 0
1627155287318 0.5660672197299218 0
1627155287880 0.48972933010165925 0
1627155288423 0.5820226684463804 0
1627155289105 0.5642902109642401 0
1627155289631 0.5961166484143596 0
1627155290209 0.5767015914692651 0
