1627240856678 0.5503355704697986 0
1627240857733 0.558165548098434 0
1627240858409 0.5570469798657718 0
1627240859029 0.5597765363128492 0
1627240859626 0.5407821229050279 0
1627240860401 0.5503355704697986 0
1627240861107 0.558165548098434 0
1627240861709 0.5570469798657718 0
1627240862297 0.5597765363128492 0
1627240863079 0.5407821229050279 0
1627240864028 0.5514541387024608 0
1627240864915 0.5570469798657718 0
1627240865531 0.5570469798657718 0
1627240866150 0.5553072625698324 0
1627240866715 0.5407821229050279 0
1627240867293 0.5592841163310962 0
1627240867989 0.5458612975391499 0
1627240868578 0.558165548098434 0
1627240869190 0.5553072625698324 0
1627240869760 0.5407821229050279 0
1627240870382 0.5514541387024608 0
1627240871051 0.5458612975391499 0
1627240871602 0.5604026845637584 0
1627240872197 0.5564245810055866 0
1627240872762 0.5407821229050279 0
