1627240829827 0.5464992144382226 0
1627240857062 0.5407474382157926 0
1627240857802 0.5251978394674036 0
1627240858484 0.5535328136786523 0
1627240859089 0.5165766825521305 0
1627240859863 0.5464841074809652 0
1627240860474 0.5407474382157926 0
1627240861171 0.5251626680065318 0
1627240861770 0.5535277847623837 0
1627240862373 0.5165817095976353 0
1627240863263 0.548407726705072 0
1627240864098 0.5405414908579466 0
1627240864974 0.5252430599170959 0
1627240865595 0.5529444304752327 0
1627240866196 0.5166319800526834 0
1627240866793 0.5459100431051848 0
1627240867342 0.5312939521800282 0
1627240868051 0.5246652430599171 0
1627240868626 0.5473874779984913 0
1627240869242 0.5145105668496511 0
1627240869810 0.5438353543085042 0
1627240870431 0.5280289330922242 0
1627240871100 0.5222183142821253 0
1627240871653 0.544048277596178 0
1627240872253 0.5084630311073576 0
