1627240829827 0.5503355704697986 0
1627240857062 0.558165548098434 0
1627240857802 0.5570469798657718 0
1627240858484 0.5597765363128492 0
1627240859089 0.5407821229050279 0
1627240859863 0.5503355704697986 0
1627240860474 0.558165548098434 0
1627240861171 0.5570469798657718 0
1627240861770 0.5597765363128492 0
1627240862373 0.5407821229050279 0
1627240863263 0.5514541387024608 0
1627240864098 0.5570469798657718 0
1627240864974 0.5570469798657718 0
1627240865595 0.5553072625698324 0
1627240866196 0.5407821229050279 0
1627240866793 0.5592841163310962 0
1627240867342 0.5458612975391499 0
1627240868051 0.558165548098434 0
1627240868626 0.5553072625698324 0
1627240869242 0.5407821229050279 0
1627240869810 0.5514541387024608 0
1627240870431 0.5458612975391499 0
1627240871100 0.5604026845637584 0
1627240871653 0.5564245810055866 0
1627240872253 0.5407821229050279 0
