1627240829827 0.5003554250639253 0
1627240857062 0.5125682152336848 0
1627240857802 0.5050108619695949 0
1627240858484 0.5176233414027924 0
1627240859089 0.3796063052734351 0
1627240859863 0.5003554250639253 0
1627240860474 0.5125682152336848 0
1627240861171 0.5050108619695949 0
1627240861770 0.5176233414027924 0
1627240862373 0.3796063052734351 0
1627240863263 0.5011917513237157 0
1627240864098 0.5086385426653883 0
1627240864974 0.5041828637561743 0
1627240865595 0.5134540637146464 0
1627240866196 0.3796063052734351 0
1627240866793 0.5070426587180751 0
1627240867342 0.4634308803004419 0
1627240868051 0.5082880633357546 0
1627240868626 0.5112462519332133 0
1627240869242 0.3796063052734351 0
1627240869810 0.4978603544991632 0
1627240870431 0.45635775577339743 0
1627240871100 0.5066902252131685 0
1627240871653 0.5185309582766837 0
1627240872253 0.3796063052734351 0
