1627240829827 0.543504647693214 0
1627240857062 0.5626849371330427 0
1627240857802 0.562452172629636 0
1627240858484 0.5545959311789783 0
1627240859089 0.29244530445366873 0
1627240859863 0.543504647693214 0
1627240860474 0.5626849371330427 0
1627240861171 0.562452172629636 0
1627240861770 0.5545959311789783 0
1627240862373 0.29244530445366873 0
1627240863263 0.5453144419587372 0
1627240864098 0.5620389372677354 0
1627240864974 0.5628065105003927 0
1627240865595 0.5480251464005382 0
1627240866196 0.29244530445366873 0
1627240866793 0.558482742529848 0
1627240867342 0.5555897418558653 0
1627240868051 0.5634070848385233 0
1627240868626 0.5482387258923572 0
1627240869242 0.29244530445366873 0
1627240869810 0.5457720703849314 0
1627240870431 0.5597361612191661 0
1627240871100 0.5690018986998853 0
1627240871653 0.5492748432226867 0
1627240872253 0.29244530445366873 0
