1627240829827 0.6860623725002579 0
1627240857062 0.6888198905477987 0
1627240857802 0.6890314477184704 0
1627240858484 0.684059176728885 0
1627240859089 0.6892712305500187 0
1627240859863 0.6860623727983113 0
1627240860474 0.6888198913456572 0
1627240861171 0.6890314426069553 0
1627240861770 0.6840591767360457 0
1627240862373 0.6892712297905346 0
1627240863263 0.6860708923629089 0
1627240864098 0.6888316482263847 0
1627240864974 0.6890360883757956 0
1627240865595 0.6840727900123418 0
1627240866196 0.6892750298940507 0
1627240866793 0.6868296477579736 0
1627240867342 0.689829499196356 0
1627240868051 0.6894597891018998 0
1627240868626 0.685244686812083 0
1627240869242 0.6896197840263317 0
1627240869810 0.6872866379096613 0
1627240870431 0.6904149372122407 0
1627240871100 0.6897150978633196 0
1627240871653 0.685927564507297 0
1627240872253 0.6898162462545376 0
