1627156435961 0.6868134287782877 0
1627156437067 0.6890016274090202 0
1627156437949 0.6892400925940475 0
1627156438708 0.6841952247170668 0
1627156439492 0.6889193005898694 0
1627156440299 0.6868134561480093 0
1627156440875 0.6890016486627762 0
1627156441552 0.6892401001761932 0
1627156442095 0.6841952683361687 0
1627156442636 0.6889193209859531 0
1627156443151 0.6868134590887531 0
1627156443667 0.689001649202252 0
1627156444281 0.6892402161732574 0
1627156444807 0.6841952702823131 0
1627156445330 0.688919324461547 0
1627156445851 0.6868319176422046 0
1627156446379 0.689006023058006 0
1627156447011 0.6892828484627707 0
1627156447599 0.6842379147121681 0
1627156448242 0.6889349145580825 0
1627156448830 0.686906611806309 0
1627156449462 0.6890245422108805 0
1627156450139 0.6894615113502423 0
1627156450681 0.6844009318458707 0
1627156451211 0.6889895371511495 0
