1627156436996 0.5514541387024608 0
1627156437876 0.5570469798657718 0
1627156438616 0.5425055928411633 0
1627156439415 0.5586592178770949 0
1627156440224 0.5441340782122905 0
1627156440812 0.5514541387024608 0
1627156441487 0.558165548098434 0
1627156442037 0.5425055928411633 0
1627156442572 0.5597765363128492 0
1627156443107 0.5441340782122905 0
1627156443625 0.5514541387024608 0
1627156444236 0.558165548098434 0
1627156444764 0.5413870246085011 0
1627156445284 0.5597765363128492 0
1627156445802 0.5441340782122905 0
1627156446326 0.5514541387024608 0
1627156446963 0.558165548098434 0
1627156447550 0.5324384787472036 0
1627156448190 0.5575418994413408 0
1627156448770 0.5418994413407822 0
1627156449408 0.5492170022371364 0
1627156450086 0.5514541387024608 0
1627156450629 0.5346756152125279 0
1627156451163 0.5486033519553073 0
1627156451698 0.5418994413407822 0
