1627156435961 0.5453144419587372 0
1627156437067 0.5667203579418345 0
1627156437949 0.5386544161283133 0
1627156438708 0.5525389788567489 0
1627156439492 0.599730128504231 0
1627156440299 0.5453144419587372 0
1627156440875 0.5689530712542535 0
1627156441552 0.5386544161283133 0
1627156442095 0.5541606734638196 0
1627156442636 0.599730128504231 0
1627156443151 0.5453144419587372 0
1627156443667 0.5689530712542535 0
1627156444281 0.5368634882349599 0
1627156444807 0.5541606734638196 0
1627156445330 0.599730128504231 0
1627156445851 0.546034213725946 0
1627156446379 0.5694615037873163 0
1627156447011 0.5217423465556636 0
1627156447599 0.5515416303125801 0
1627156448242 0.5553338653897313 0
1627156448830 0.5419346835315284 0
1627156449462 0.5594328663330825 0
1627156450139 0.5263513146719194 0
1627156450681 0.5383327706007794 0
1627156451211 0.7519903015759939 0
