1627156435961 0.5011917513237157 0
1627156437067 0.4986056395998354 0
1627156437949 0.4883347487944616 0
1627156438708 0.5195887497761008 0
1627156439492 0.39285219123738063 0
1627156440299 0.5011917513237157 0
1627156440875 0.49942704751265243 0
1627156441552 0.4883347487944616 0
1627156442095 0.520459174545182 0
1627156442636 0.39285219123738063 0
1627156443151 0.5011917513237157 0
1627156443667 0.49942704751265243 0
1627156444281 0.4866539751010896 0
1627156444807 0.520459174545182 0
1627156445330 0.39285219123738063 0
1627156445851 0.49614108812029367 0
1627156446379 0.4985306351507219 0
1627156447011 0.4683475210302366 0
1627156447599 0.5137023009184737 0
1627156448242 0.38796699463130097 0
1627156448830 0.497047657566819 0
1627156449462 0.48621961164598654 0
1627156450139 0.4564315509186607 0
1627156450681 0.5023430392979541 0
1627156451211 0.3821109945428251 0
