1627156435961 0.5410380493896789 0
1627156437067 0.5412497488446856 0
1627156437949 0.530792613993217 0
1627156438708 0.5555116922303245 0
1627156439492 0.5252609036617 0
1627156440299 0.540997764170326 0
1627156440875 0.5412698412698413 0
1627156441552 0.5307473935435246 0
1627156442095 0.5555167211465929 0
1627156442636 0.5252106332066517 0
1627156443151 0.5410078354751642 0
1627156443667 0.5412748643761301 0
1627156444281 0.5307524180379349 0
1627156444807 0.5555066633140557 0
1627156445330 0.5252106332066517 0
1627156445851 0.5413653667969222 0
1627156446379 0.5398081173397629 0
1627156447011 0.5301143072478333 0
1627156447599 0.5554563741513704 0
1627156448242 0.524903983430858 0
1627156448830 0.5424228538049389 0
1627156449462 0.5379244524814145 0
1627156450139 0.5277025499309133 0
1627156450681 0.5553205934121197 0
1627156451211 0.5235265729625386 0
