1627156435961 0.5514541387024608 0
1627156437067 0.5570469798657718 0
1627156437949 0.5425055928411633 0
1627156438708 0.5586592178770949 0
1627156439492 0.5441340782122905 0
1627156440299 0.5514541387024608 0
1627156440875 0.558165548098434 0
1627156441552 0.5425055928411633 0
1627156442095 0.5597765363128492 0
1627156442636 0.5441340782122905 0
1627156443151 0.5514541387024608 0
1627156443667 0.558165548098434 0
1627156444281 0.5413870246085011 0
1627156444807 0.5597765363128492 0
1627156445330 0.5441340782122905 0
1627156445851 0.5514541387024608 0
1627156446379 0.558165548098434 0
1627156447011 0.5324384787472036 0
1627156447599 0.5575418994413408 0
1627156448242 0.5418994413407822 0
1627156448830 0.5492170022371364 0
1627156449462 0.5514541387024608 0
1627156450139 0.5346756152125279 0
1627156450681 0.5486033519553073 0
1627156451211 0.5418994413407822 0
