1627238713495 0.5469798657718121 0
1627238735353 0.5592841163310962 0
1627238736112 0.558165548098434 0
1627238736972 0.5541899441340782 0
1627238737742 0.5441340782122905 0
1627238738534 0.5480984340044742 0
1627238739146 0.5592841163310962 0
1627238739869 0.5570469798657718 0
1627238740474 0.5541899441340782 0
1627238741089 0.5441340782122905 0
1627238741909 0.5480984340044742 0
1627238742523 0.5592841163310962 0
1627238743300 0.5570469798657718 0
1627238743963 0.5541899441340782 0
1627238744602 0.5441340782122905 0
1627238745257 0.5458612975391499 0
1627238746033 0.5559284116331096 0
1627238746798 0.5514541387024608 0
1627238747433 0.5575418994413408 0
1627238748130 0.5418994413407822 0
1627238748836 0.5425055928411633 0
1627238749484 0.558165548098434 0
1627238750309 0.5503355704697986 0
1627238750911 0.5508379888268157 0
1627238751497 0.5418994413407822 0
