1627238713495 0.5466024453128147 0
1627238735353 0.5409785011050834 0
1627238736112 0.5242909182263535 0
1627238736972 0.5534498365602214 0
1627238737742 0.5244138464941385 0
1627238738534 0.5466930870563591 0
1627238739146 0.5409734779987945 0
1627238739869 0.5239542771008667 0
1627238740474 0.5535051546391753 0
1627238741089 0.5243334137660614 0
1627238741909 0.5466930870563591 0
1627238742523 0.5409684548925056 0
1627238743300 0.5239643260896872 0
1627238743963 0.5535001257229066 0
1627238744602 0.5243334137660614 0
1627238745257 0.547680074930508 0
1627238746033 0.5409282700421941 0
1627238746798 0.5234468031654316 0
1627238747433 0.5546869499622832 0
1627238748130 0.5234335726206993 0
1627238748836 0.5487375619385249 0
1627238749484 0.5396724934699617 0
1627238750309 0.5229644517020475 0
1627238750911 0.5573221020870003 0
1627238751497 0.5233229776195935 0
