1627238713495 0.6859698876390486 0
1627238735353 0.6888190527290116 0
1627238736112 0.6890162101244459 0
1627238736972 0.6839802509088375 0
1627238737742 0.6889153413136085 0
1627238738534 0.6859699113119786 0
1627238739146 0.6888190772970468 0
1627238739869 0.6890162374307045 0
1627238740474 0.6839802895296129 0
1627238741089 0.6889153632148947 0
1627238741909 0.6859699113732368 0
1627238742523 0.6888190793600457 0
1627238743300 0.6890162455171422 0
1627238743963 0.6839802929072142 0
1627238744602 0.6889153648791861 0
1627238745257 0.6859820598085682 0
1627238746033 0.6888255336916177 0
1627238746798 0.6890553068182272 0
1627238747433 0.6840191450767164 0
1627238748130 0.6889311808392311 0
1627238748836 0.6860294283443541 0
1627238749484 0.6888514420268738 0
1627238750309 0.6892113513910612 0
1627238750911 0.6841600546229719 0
1627238751497 0.688984958605048 0
