1627238735235 0.5469798657718121 0
1627238736024 0.5592841163310962 0
1627238736875 0.558165548098434 0
1627238737655 0.5541899441340782 0
1627238738350 0.5441340782122905 0
1627238739073 0.5480984340044742 0
1627238739814 0.5592841163310962 0
1627238740403 0.5570469798657718 0
1627238741021 0.5541899441340782 0
1627238741735 0.5441340782122905 0
1627238742475 0.5480984340044742 0
1627238743227 0.5592841163310962 0
1627238743921 0.5570469798657718 0
1627238744551 0.5541899441340782 0
1627238745180 0.5441340782122905 0
1627238745982 0.5458612975391499 0
1627238746738 0.5559284116331096 0
1627238747357 0.5514541387024608 0
1627238748063 0.5575418994413408 0
1627238748767 0.5418994413407822 0
1627238749430 0.5425055928411633 0
1627238750255 0.558165548098434 0
1627238750856 0.5503355704697986 0
1627238751443 0.5508379888268157 0
1627238752046 0.5418994413407822 0
