1627238713495 0.5380421835297917 0
1627238735353 0.5636330594877772 0
1627238736112 0.5630738900731624 0
1627238736972 0.5461730994450461 0
1627238737742 0.599730128504231 0
1627238738534 0.5397232851347049 0
1627238739146 0.5636330594877772 0
1627238739869 0.5614545209043511 0
1627238740474 0.5461730994450461 0
1627238741089 0.599730128504231 0
1627238741909 0.5397232851347049 0
1627238742523 0.5636330594877772 0
1627238743300 0.5614545209043511 0
1627238743963 0.5461730994450461 0
1627238744602 0.599730128504231 0
1627238745257 0.5363697700256592 0
1627238746033 0.559541112702639 0
1627238746798 0.5542451838409498 0
1627238747433 0.5510823892013405 0
1627238748130 0.5553338653897313 0
1627238748836 0.531384908693596 0
1627238749484 0.5643191380203559 0
1627238750309 0.5550604446042633 0
1627238750911 0.541570703641863 0
1627238751497 0.7519903015759939 0
