1627238713495 0.501769874555226 0
1627238735353 0.5156576955234673 0
1627238736112 0.5090841320569014 0
1627238736972 0.5161054215425611 0
1627238737742 0.39285219123738063 0
1627238738534 0.502618014946358 0
1627238739146 0.5156576955234673 0
1627238739869 0.5074433174087662 0
1627238740474 0.5161054215425611 0
1627238741089 0.39285219123738063 0
1627238741909 0.502618014946358 0
1627238742523 0.5156576955234673 0
1627238743300 0.5074433174087662 0
1627238743963 0.5161054215425611 0
1627238744602 0.39285219123738063 0
1627238745257 0.5024285692836659 0
1627238746033 0.5093382906536023 0
1627238746798 0.49578763422896865 0
1627238747433 0.5173240692925215 0
1627238748130 0.38796699463130097 0
1627238748836 0.4968490831928084 0
1627238749484 0.5086961366731738 0
1627238750309 0.4868228278473559 0
1627238750911 0.508564154807256 0
1627238751497 0.3821109945428251 0
