1627155138571 0.5011917513237157 0
1627155148498 0.4986056395998354 0
1627155149232 0.4883347487944616 0
1627155149932 0.5195887497761008 0
1627155150632 0.39285219123738063 0
1627155151461 0.5011917513237157 0
1627155152172 0.49942704751265243 0
1627155152817 0.4883347487944616 0
1627155153367 0.520459174545182 0
1627155153912 0.39285219123738063 0
1627155154468 0.5011917513237157 0
1627155154993 0.49942704751265243 0
1627155155704 0.4866539751010896 0
1627155156270 0.520459174545182 0
1627155156827 0.39285219123738063 0
1627155157477 0.49614108812029367 0
1627155158030 0.4985306351507219 0
1627155158712 0.4683475210302366 0
1627155159407 0.5137023009184737 0
1627155160084 0.38796699463130097 0
1627155160639 0.497047657566819 0
1627155161249 0.48621961164598654 0
1627155161980 0.4564315509186607 0
1627155162805 0.5023430392979541 0
1627155163433 0.3821109945428251 0
