1627155138571 0.5514541387024608 0
1627155148498 0.5570469798657718 0
1627155149232 0.5425055928411633 0
1627155149932 0.5586592178770949 0
1627155150632 0.5441340782122905 0
1627155151461 0.5514541387024608 0
1627155152172 0.558165548098434 0
1627155152817 0.5425055928411633 0
1627155153367 0.5597765363128492 0
1627155153912 0.5441340782122905 0
1627155154468 0.5514541387024608 0
1627155154993 0.558165548098434 0
1627155155704 0.5413870246085011 0
1627155156270 0.5597765363128492 0
1627155156827 0.5441340782122905 0
1627155157477 0.5514541387024608 0
1627155158030 0.558165548098434 0
1627155158712 0.5324384787472036 0
1627155159407 0.5575418994413408 0
1627155160084 0.5418994413407822 0
1627155160639 0.5492170022371364 0
1627155161249 0.5514541387024608 0
1627155161980 0.5346756152125279 0
1627155162805 0.5486033519553073 0
1627155163433 0.5418994413407822 0
