1627155138571 0.6868134287782877 0
1627155148498 0.6890016274090202 0
1627155149232 0.6892400925940475 0
1627155149932 0.6841952247170668 0
1627155150632 0.6889193005898694 0
1627155151461 0.6868134561480093 0
1627155152172 0.6890016486627762 0
1627155152817 0.6892401001761932 0
1627155153367 0.6841952683361687 0
1627155153912 0.6889193209859531 0
1627155154468 0.6868134590887531 0
1627155154993 0.689001649202252 0
1627155155704 0.6892402161732574 0
1627155156270 0.6841952702823131 0
1627155156827 0.688919324461547 0
1627155157477 0.6868319176422046 0
1627155158030 0.689006023058006 0
1627155158712 0.6892828484627707 0
1627155159407 0.6842379147121681 0
1627155160084 0.6889349145580825 0
1627155160639 0.686906611806309 0
1627155161249 0.6890245422108805 0
1627155161980 0.6894615113502423 0
1627155162805 0.6844009318458707 0
1627155163433 0.6889895371511495 0
