1627155148431 0.5514541387024608 0
1627155149160 0.5570469798657718 0
1627155149869 0.5425055928411633 0
1627155150557 0.5586592178770949 0
1627155151275 0.5441340782122905 0
1627155152011 0.5514541387024608 0
1627155152765 0.558165548098434 0
1627155153307 0.5425055928411633 0
1627155153850 0.5597765363128492 0
1627155154395 0.5441340782122905 0
1627155154949 0.5514541387024608 0
1627155155664 0.558165548098434 0
1627155156192 0.5413870246085011 0
1627155156780 0.5597765363128492 0
1627155157385 0.5441340782122905 0
1627155157983 0.5514541387024608 0
1627155158653 0.558165548098434 0
1627155159251 0.5324384787472036 0
1627155159992 0.5575418994413408 0
1627155160593 0.5418994413407822 0
1627155161195 0.5492170022371364 0
1627155161899 0.5514541387024608 0
1627155162577 0.5346756152125279 0
1627155163379 0.5486033519553073 0
1627155163916 0.5418994413407822 0
