1627155138571 0.5453144419587372 0
1627155148498 0.5667203579418345 0
1627155149232 0.5386544161283133 0
1627155149932 0.5525389788567489 0
1627155150632 0.599730128504231 0
1627155151461 0.5453144419587372 0
1627155152172 0.5689530712542535 0
1627155152817 0.5386544161283133 0
1627155153367 0.5541606734638196 0
1627155153912 0.599730128504231 0
1627155154468 0.5453144419587372 0
1627155154993 0.5689530712542535 0
1627155155704 0.5368634882349599 0
1627155156270 0.5541606734638196 0
1627155156827 0.599730128504231 0
1627155157477 0.546034213725946 0
1627155158030 0.5694615037873163 0
1627155158712 0.5217423465556636 0
1627155159407 0.5515416303125801 0
1627155160084 0.5553338653897313 0
1627155160639 0.5419346835315284 0
1627155161249 0.5594328663330825 0
1627155161980 0.5263513146719194 0
1627155162805 0.5383327706007794 0
1627155163433 0.7519903015759939 0
