1627155138571 0.5410380493896789 0
1627155148498 0.5412497488446856 0
1627155149232 0.530792613993217 0
1627155149932 0.5555116922303245 0
1627155150632 0.5252609036617 0
1627155151461 0.540997764170326 0
1627155152172 0.5412698412698413 0
1627155152817 0.5307473935435246 0
1627155153367 0.5555167211465929 0
1627155153912 0.5252106332066517 0
1627155154468 0.5410078354751642 0
1627155154993 0.5412748643761301 0
1627155155704 0.5307524180379349 0
1627155156270 0.5555066633140557 0
1627155156827 0.5252106332066517 0
1627155157477 0.5413653667969222 0
1627155158030 0.5398081173397629 0
1627155158712 0.5301143072478333 0
1627155159407 0.5554563741513704 0
1627155160084 0.524903983430858 0
1627155160639 0.5424228538049389 0
1627155161249 0.5379244524814145 0
1627155161980 0.5277025499309133 0
1627155162805 0.5553205934121197 0
1627155163433 0.5235265729625386 0
