1627156417092 0.5514541387024608 0
1627156418115 0.5570469798657718 0
1627156418830 0.5425055928411633 0
1627156419510 0.5586592178770949 0
1627156420266 0.5441340782122905 0
1627156420883 0.5514541387024608 0
1627156421431 0.558165548098434 0
1627156422074 0.5425055928411633 0
1627156422618 0.5597765363128492 0
1627156423165 0.5441340782122905 0
1627156423688 0.5514541387024608 0
1627156424209 0.558165548098434 0
1627156424849 0.5413870246085011 0
1627156425380 0.5597765363128492 0
1627156425904 0.5441340782122905 0
1627156426423 0.5514541387024608 0
1627156426950 0.558165548098434 0
1627156427633 0.5324384787472036 0
1627156428168 0.5575418994413408 0
1627156428699 0.5418994413407822 0
1627156429219 0.5492170022371364 0
1627156429746 0.5514541387024608 0
1627156430401 0.5346756152125279 0
1627156430941 0.5486033519553073 0
1627156431466 0.5418994413407822 0
