1627156417092 0.5453144419587372 0
1627156418115 0.5667203579418345 0
1627156418830 0.5386544161283133 0
1627156419510 0.5525389788567489 0
1627156420266 0.599730128504231 0
1627156420883 0.5453144419587372 0
1627156421431 0.5689530712542535 0
1627156422074 0.5386544161283133 0
1627156422618 0.5541606734638196 0
1627156423165 0.599730128504231 0
1627156423688 0.5453144419587372 0
1627156424209 0.5689530712542535 0
1627156424849 0.5368634882349599 0
1627156425380 0.5541606734638196 0
1627156425904 0.599730128504231 0
1627156426423 0.546034213725946 0
1627156426950 0.5694615037873163 0
1627156427633 0.5217423465556636 0
1627156428168 0.5515416303125801 0
1627156428699 0.5553338653897313 0
1627156429219 0.5419346835315284 0
1627156429746 0.5594328663330825 0
1627156430401 0.5263513146719194 0
1627156430941 0.5383327706007794 0
1627156431466 0.7519903015759939 0
