1627156417092 0.6868134287782877 0
1627156418115 0.6890016274090202 0
1627156418830 0.6892400925940475 0
1627156419510 0.6841952247170668 0
1627156420266 0.6889193005898694 0
1627156420883 0.6868134561480093 0
1627156421431 0.6890016486627762 0
1627156422074 0.6892401001761932 0
1627156422618 0.6841952683361687 0
1627156423165 0.6889193209859531 0
1627156423688 0.6868134590887531 0
1627156424209 0.689001649202252 0
1627156424849 0.6892402161732574 0
1627156425380 0.6841952702823131 0
1627156425904 0.688919324461547 0
1627156426423 0.6868319176422046 0
1627156426950 0.689006023058006 0
1627156427633 0.6892828484627707 0
1627156428168 0.6842379147121681 0
1627156428699 0.6889349145580825 0
1627156429219 0.686906611806309 0
1627156429746 0.6890245422108805 0
1627156430401 0.6894615113502423 0
1627156430941 0.6844009318458707 0
1627156431466 0.6889895371511495 0
