1627156417092 0.5410380493896789 0
1627156418115 0.5412497488446856 0
1627156418830 0.530792613993217 0
1627156419510 0.5555116922303245 0
1627156420266 0.5252609036617 0
1627156420883 0.540997764170326 0
1627156421431 0.5412698412698413 0
1627156422074 0.5307473935435246 0
1627156422618 0.5555167211465929 0
1627156423165 0.5252106332066517 0
1627156423688 0.5410078354751642 0
1627156424209 0.5412748643761301 0
1627156424849 0.5307524180379349 0
1627156425380 0.5555066633140557 0
1627156425904 0.5252106332066517 0
1627156426423 0.5413653667969222 0
1627156426950 0.5398081173397629 0
1627156427633 0.5301143072478333 0
1627156428168 0.5554563741513704 0
1627156428699 0.524903983430858 0
1627156429219 0.5424228538049389 0
1627156429746 0.5379244524814145 0
1627156430401 0.5277025499309133 0
1627156430941 0.5553205934121197 0
1627156431466 0.5235265729625386 0
