1627156418038 0.5514541387024608 0
1627156418761 0.5570469798657718 0
1627156419433 0.5425055928411633 0
1627156420191 0.5586592178770949 0
1627156420823 0.5441340782122905 0
1627156421364 0.5514541387024608 0
1627156422016 0.558165548098434 0
1627156422555 0.5425055928411633 0
1627156423102 0.5597765363128492 0
1627156423641 0.5441340782122905 0
1627156424165 0.5514541387024608 0
1627156424793 0.558165548098434 0
1627156425333 0.5413870246085011 0
1627156425860 0.5597765363128492 0
1627156426378 0.5441340782122905 0
1627156426901 0.5514541387024608 0
1627156427586 0.558165548098434 0
1627156428119 0.5324384787472036 0
1627156428650 0.5575418994413408 0
1627156429170 0.5418994413407822 0
1627156429697 0.5492170022371364 0
1627156430351 0.5514541387024608 0
1627156430892 0.5346756152125279 0
1627156431416 0.5486033519553073 0
1627156431946 0.5418994413407822 0
