1627156417092 0.5011917513237157 0
1627156418115 0.4986056395998354 0
1627156418830 0.4883347487944616 0
1627156419510 0.5195887497761008 0
1627156420266 0.39285219123738063 0
1627156420883 0.5011917513237157 0
1627156421431 0.49942704751265243 0
1627156422074 0.4883347487944616 0
1627156422618 0.520459174545182 0
1627156423165 0.39285219123738063 0
1627156423688 0.5011917513237157 0
1627156424209 0.49942704751265243 0
1627156424849 0.4866539751010896 0
1627156425380 0.520459174545182 0
1627156425904 0.39285219123738063 0
1627156426423 0.49614108812029367 0
1627156426950 0.4985306351507219 0
1627156427633 0.4683475210302366 0
1627156428168 0.5137023009184737 0
1627156428699 0.38796699463130097 0
1627156429219 0.497047657566819 0
1627156429746 0.48621961164598654 0
1627156430401 0.4564315509186607 0
1627156430941 0.5023430392979541 0
1627156431466 0.3821109945428251 0
