1627156371357 0.680040861841564 0
1627156372583 0.6815827809121415 0
1627156373406 0.6844713854191085 0
1627156374319 0.6797732747748385 0
1627156375134 0.6830464095341466 0
1627156375927 0.6724150980863587 0
1627156376580 0.6675171616223976 0
1627156377206 0.6724396587489767 0
1627156377717 0.6686309104274543 0
1627156378234 0.6731746127274886 0
1627156378764 0.659035936138137 0
1627156379264 0.6552148793853474 0
1627156379902 0.6573883264113501 0
1627156380415 0.6502765859271302 0
1627156380932 0.6549546915073152 0
1627156381437 0.6453529778110992 0
1627156381936 0.6380838112675843 0
1627156382558 0.6352166317494933 0
1627156383059 0.6310352596612777 0
1627156383567 0.6346495902134599 0
1627156384074 0.6276970552288257 0
1627156384575 0.6141619783500198 0
1627156385213 0.6110759182286969 0
1627156385810 0.6090259520627251 0
1627156386428 0.6150737370516309 0
