1627156372484 0.5548098434004475 0
1627156373354 0.5559284116331096 0
1627156374212 0.5503355704697986 0
1627156375070 0.5653631284916201 0
1627156375867 0.5519553072625698 0
1627156376541 0.5559284116331096 0
1627156377165 0.5738255033557047 0
1627156377676 0.5749440715883669 0
1627156378188 0.5921787709497207 0
1627156378724 0.5631284916201117 0
1627156379221 0.5648769574944071 0
1627156379864 0.5894854586129754 0
1627156380377 0.5782997762863534 0
1627156380895 0.6022346368715084 0
1627156381399 0.5787709497206703 0
1627156381899 0.5749440715883669 0
1627156382518 0.598434004474273 0
1627156383020 0.5939597315436241 0
1627156383529 0.6167597765363129 0
1627156384036 0.5932960893854748 0
1627156384536 0.5861297539149888 0
1627156385172 0.6152125279642058 0
1627156385769 0.6185682326621924 0
1627156386358 0.6245810055865921 0
1627156386903 0.6089385474860335 0
