1627156371357 0.5327267050719091 0
1627156372583 0.5470639943741209 0
1627156373406 0.5387890968471298 0
1627156374319 0.5456952476741262 0
1627156375134 0.5415007741650077 0
1627156375927 0.5624798573903235 0
1627156376580 0.5803244926662648 0
1627156377206 0.578130888079387 0
1627156377717 0.589640432486799 0
1627156378234 0.564735778488267 0
1627156378764 0.5860718889739354 0
1627156379264 0.6060628892907374 0
1627156379902 0.5906443914081146 0
1627156380415 0.612154890621071 0
1627156380932 0.59578281152601 0
1627156381437 0.6015212705958184 0
1627156381936 0.6366561181434599 0
1627156382558 0.6161537495289535 0
1627156383059 0.6502640181040985 0
1627156383567 0.6193043574430436 0
1627156384074 0.6203067719453732 0
1627156384575 0.6721971066907776 0
1627156385213 0.6483356362266046 0
1627156385810 0.6689162685441287 0
1627156386428 0.6465534576018983 0
