1627156371357 0.5913487494301133 0
1627156372583 0.6053199750337364 0
1627156373406 0.5846823928413294 0
1627156374319 0.5975349392435058 0
1627156375134 0.5440919740621214 0
1627156375927 0.6313517515023489 0
1627156376580 0.578919457800321 0
1627156377206 0.578595301724872 0
1627156377717 0.5946047870760399 0
1627156378234 0.5657341990915871 0
1627156378764 0.6336567666626547 0
1627156379264 0.6113056414676243 0
1627156379902 0.590159219591452 0
1627156380415 0.608365753909074 0
1627156380932 0.5806620714601503 0
1627156381437 0.6692822816424607 0
1627156381936 0.6259612708472473 0
1627156382558 0.671287887182798 0
1627156383059 0.6269902168598827 0
1627156383567 0.5966770334157663 0
1627156384074 0.6875928209482224 0
1627156384575 0.6404574637300932 0
1627156385213 0.6832469364586464 0
1627156385810 0.6396494641570694 0
1627156386428 0.6218903870677684 0
