1627156371357 0.5548098434004475 0
1627156372583 0.5559284116331096 0
1627156373406 0.5503355704697986 0
1627156374319 0.5653631284916201 0
1627156375134 0.5519553072625698 0
1627156375927 0.5559284116331096 0
1627156376580 0.5738255033557047 0
1627156377206 0.5749440715883669 0
1627156377717 0.5921787709497207 0
1627156378234 0.5631284916201117 0
1627156378764 0.5648769574944071 0
1627156379264 0.5894854586129754 0
1627156379902 0.5782997762863534 0
1627156380415 0.6022346368715084 0
1627156380932 0.5787709497206703 0
1627156381437 0.5749440715883669 0
1627156381936 0.598434004474273 0
1627156382558 0.5939597315436241 0
1627156383059 0.6167597765363129 0
1627156383567 0.5932960893854748 0
1627156384074 0.5861297539149888 0
1627156384575 0.6152125279642058 0
1627156385213 0.6185682326621924 0
1627156385810 0.6245810055865921 0
1627156386428 0.6089385474860335 0
