1627156371357 0.44116431009443247 0
1627156372583 0.4552315709904521 0
1627156373406 0.44692791300450846 0
1627156374319 0.4697690558239658 0
1627156375134 0.5083022244989784 0
1627156375927 0.42948316283747 0
1627156376580 0.5429198414407702 0
1627156377206 0.5464087320678521 0
1627156377717 0.5648968052841868 0
1627156378234 0.5043745134983756 0
1627156378764 0.4545200084639043 0
1627156379264 0.5464160016873351 0
1627156379902 0.5379418335126583 0
1627156380415 0.5742915950379974 0
1627156380932 0.5437309499303705 0
1627156381437 0.46922447393274025 0
1627156381936 0.5556070418838862 0
1627156382558 0.5191807759583309 0
1627156383059 0.5900971319583612 0
1627156383567 0.5660672197299218 0
1627156384074 0.48972933010165925 0
1627156384575 0.5820226684463804 0
1627156385213 0.5642902109642401 0
1627156385810 0.5961166484143596 0
1627156386428 0.5767015914692651 0
